7
15
15
19
28
28
28
28
33
33
33
51
55
55
55
55
59
59
59
59
62
62
66
66
66
66
66
69
69
69
72
72
74
74
74
76
77
77
77
77
77
79
79
79
81
83
83
83
83
85
85
88
88
89
89
89
90
91
92
92
93
95
95
95
95
96
96
96
98
99
vid 69.26
disp 539.28

3
9
11
13
14
20
24
25
31
35
35
39
39
41
44
48
48
50
50
53
53
53
55
57
60
60
62
64
64
65
68
68
70
70
72
72
72
72
73
74
75
76
76
78
80
80
83
83
83
83
85
85
89
89
89
91
91
91
92
92
93
93
93
95
95
97
99
99
99
100
vid 65.57
disp 657.76

3
16
25
25
27
32
32
34
34
42
44
54
57
57
59
59
61
64
66
66
75
75
79
79
81
85
85
85
88
88
88
88
88
90
90
90
90
90
91
91
91
92
92
94
94
94
95
95
95
95
95
96
96
97
97
97
97
97
97
97
98
98
98
99
99
100
100
100
100
100
vid 78.11
disp 619.73

1..5 0
6..10 1
11..15 2
16..20 1
21..25 0
26..30 4
31..35 3
36..40 0
41..45 0
46..50 0
51..55 5
56..60 4
61..65 2
66..70 8
71..75 5
76..80 9
81..85 7
86..90 6
91..95 8
96..100 5

1..5 1
6..10 1
11..15 3
16..20 1
21..25 2
26..30 0
31..35 3
36..40 2
41..45 2
46..50 4
51..55 4
56..60 3
61..65 4
66..70 4
71..75 7
76..80 5
81..85 6
86..90 3
91..95 10
96..100 5

1..5 1
6..10 0
11..15 0
16..20 1
21..25 2
26..30 1
31..35 4
36..40 0
41..45 2
46..50 0
51..55 1
56..60 4
61..65 2
66..70 2
71..75 2
76..80 2
81..85 4
86..90 10
91..95 13
96..100 19

