250 249
64 1
82 2
83 3
208 4
33 5
163 6
225 7
209 8
248 9
246 10
129 11
168 12
195 13
90 14
58 15
56 16
235 17
117 18
234 19
145 20
228 21
152 22
164 23
223 24
169 25
250 26
154 27
60 28
157 29
166 30
18 31
229 32
192 33
249 34
91 35
78 36
23 37
213 38
125 39
11 40
216 41
156 42
95 43
245 44
96 45
14 46
3 47
85 48
8 49
48 50
226 51
81 52
202 53
107 54
215 55
167 56
218 57
6 58
210 59
50 60
123 61
116 62
191 63
68 64
127 65
45 66
87 67
176 68
193 69
162 70
212 71
198 72
106 73
205 74
242 75
220 76
108 77
183 78
92 79
131 80
98 81
243 82
140 83
126 84
197 85
165 86
31 87
143 88
239 89
230 90
30 91
110 92
51 93
35 94
175 95
219 96
155 97
69 98
25 99
12 100
105 101
43 102
196 103
67 104
122 105
194 106
37 107
63 108
217 109
142 110
120 111
147 112
185 113
128 114
173 115
203 116
150 117
188 118
113 119
73 120
160 121
97 122
29 123
139 124
21 125
80 126
141 127
146 128
104 129
178 130
76 131
40 132
24 133
170 134
46 135
144 136
204 137
222 138
180 139
100 140
102 141
53 142
38 143
84 144
148 145
32 146
158 147
94 148
214 149
237 150
190 151
118 152
179 153
42 154
72 155
137 156
236 157
114 158
201 159
241 160
1 161
79 162
54 163
153 164
88 165
61 166
28 167
93 168
7 169
59 170
44 171
232 172
124 173
34 174
240 175
52 176
109 177
149 178
13 179
49 180
27 181
172 182
238 183
115 184
112 185
134 186
111 188
26 189
138 190
199 191
244 192
15 193
19 194
171 195
41 196
161 197
135 198
182 199
187 200
221 201
20 202
136 203
130 204
77 205
247 206
121 207
159 208
5 209
2 210
71 211
132 212
174 213
75 214
89 215
10 216
101 217
186 218
74 219
177 220
62 221
227 222
17 223
133 224
200 225
70 226
65 227
184 228
99 229
151 230
36 231
206 232
189 233
86 234
16 235
224 236
9 237
181 238
233 239
211 240
57 241
66 242
231 243
47 244
22 245
55 246
119 247
207 248
4 249
39 250
